[[    0.87615    0.013801    -0.48184   -0.081565]
 [-2.8983e-05     0.99959    0.028577   0.0094169]
 [    0.48204   -0.025024     0.87579     0.24845]
 [          0           0           0           1]]
1758322911.0287247
[[    0.87615    0.013801    -0.48184   -0.081565]
 [-2.8983e-05     0.99959    0.028577   0.0094169]
 [    0.48204   -0.025024     0.87579     0.24845]
 [          0           0           0           1]]
1758322911.0424793
[[    0.87618    0.012348    -0.48183   -0.081561]
 [  0.0015965     0.99959     0.02852   0.0094643]
 [    0.48198   -0.025758      0.8758     0.24844]
 [          0           0           0           1]]
1758322911.0552862
[[    0.87618    0.012348    -0.48183   -0.081561]
 [  0.0015965     0.99959     0.02852   0.0094643]
 [    0.48198   -0.025758      0.8758     0.24844]
 [          0           0           0           1]]
1758322911.0680962
[[    0.87632    0.012345    -0.48158   -0.081503]
 [  0.0016116     0.99959    0.028557   0.0094733]
 [    0.48173   -0.025801     0.87594     0.24846]
 [          0           0           0           1]]
1758322911.081672
[[    0.87621    0.013799    -0.48174   -0.081541]
 [      6e-05     0.99959    0.028741   0.0094548]
 [    0.48194   -0.025212     0.87584     0.24845]
 [          0           0           0           1]]
1758322911.0956194
[[    0.87621    0.013799    -0.48174   -0.081541]
 [      6e-05     0.99959    0.028741   0.0094548]
 [    0.48194   -0.025212     0.87584     0.24845]
 [          0           0           0           1]]
1758322911.108999
[[    0.87622    0.012346    -0.48174   -0.081542]
 [  0.0016676     0.99959    0.028651   0.0094946]
 [     0.4819   -0.025908     0.87584     0.24844]
 [          0           0           0           1]]
1758322911.1221714
[[    0.87622    0.012346    -0.48174   -0.081542]
 [  0.0016676     0.99959    0.028651   0.0094946]
 [     0.4819   -0.025908     0.87584     0.24844]
 [          0           0           0           1]]
1758322911.135404
[[    0.87622    0.012345    -0.48175   -0.081542]
 [  0.0017451     0.99958    0.028789   0.0095265]
 [     0.4819   -0.026066     0.87584     0.24843]
 [          0           0           0           1]]
1758322911.1482327
[[    0.87622    0.012345    -0.48175   -0.081542]
 [  0.0017451     0.99958    0.028789   0.0095265]
 [     0.4819   -0.026066     0.87584     0.24843]
 [          0           0           0           1]]
1758322911.1609712
[[    0.87622    0.012344    -0.48175   -0.081542]
 [  0.0018071     0.99958    0.028899    0.009552]
 [     0.4819   -0.026192     0.87583     0.24842]
 [          0           0           0           1]]
1758322911.1738098
[[    0.87622    0.012344    -0.48175   -0.081542]
 [  0.0018071     0.99958    0.028899    0.009552]
 [     0.4819   -0.026192     0.87583     0.24842]
 [          0           0           0           1]]
1758322911.1874237
[[     0.8762    0.013793    -0.48175   -0.081542]
 [ 0.00034599     0.99957    0.029249   0.0095723]
 [    0.48194   -0.025795     0.87582     0.24842]
 [          0           0           0           1]]
1758322911.2005072
[[    0.87622    0.012342    -0.48175   -0.081542]
 [  0.0018964     0.99958    0.029058   0.0095887]
 [    0.48191   -0.026375     0.87583     0.24841]
 [          0           0           0           1]]
1758322911.215559
[[    0.87622    0.012342    -0.48175   -0.081542]
 [  0.0018964     0.99958    0.029058   0.0095887]
 [    0.48191   -0.026375     0.87583     0.24841]
 [          0           0           0           1]]
1758322911.2293115
[[     0.8762    0.013792    -0.48175   -0.081542]
 [ 0.00041742     0.99957    0.029376   0.0096017]
 [    0.48195   -0.025941     0.87582     0.24841]
 [          0           0           0           1]]
1758322911.2430606
[[     0.8762    0.013792    -0.48175   -0.081542]
 [ 0.00041742     0.99957    0.029376   0.0096017]
 [    0.48195   -0.025941     0.87582     0.24841]
 [          0           0           0           1]]
1758322911.257044
[[     0.8762    0.013792    -0.48175   -0.081543]
 [ 0.00044281     0.99957    0.029421   0.0096121]
 [    0.48195   -0.025992     0.87581     0.24841]
 [          0           0           0           1]]
1758322911.2700853
[[     0.8762    0.013792    -0.48175   -0.081543]
 [ 0.00044281     0.99957    0.029421   0.0096121]
 [    0.48195   -0.025992     0.87581     0.24841]
 [          0           0           0           1]]
1758322911.2828228
[[    0.87622    0.012341    -0.48175   -0.081543]
 [  0.0019739     0.99957    0.029195   0.0096205]
 [    0.48191   -0.026532     0.87582      0.2484]
 [          0           0           0           1]]
1758322911.2955751
[[    0.87622    0.012341    -0.48175   -0.081543]
 [  0.0019739     0.99957    0.029195   0.0096205]
 [    0.48191   -0.026532     0.87582      0.2484]
 [          0           0           0           1]]
1758322911.3093758
[[    0.87626    0.013794    -0.48164   -0.081519]
 [ 0.00027341     0.99958    0.029124   0.0095436]
 [    0.48184   -0.025652     0.87588     0.24843]
 [          0           0           0           1]]
1758322911.3225946
[[    0.87627    0.012342    -0.48167   -0.081524]
 [  0.0018384     0.99958    0.028958   0.0095657]
 [    0.48182    -0.02626     0.87587     0.24842]
 [          0           0           0           1]]
1758322911.3370502
[[    0.87627    0.012342    -0.48167   -0.081524]
 [  0.0018384     0.99958    0.028958   0.0095657]
 [    0.48182    -0.02626     0.87587     0.24842]
 [          0           0           0           1]]
1758322911.3503096
[[    0.87626    0.012342    -0.48169   -0.081528]
 [  0.0018817     0.99958    0.029034   0.0095833]
 [    0.48184   -0.026348     0.87586     0.24842]
 [          0           0           0           1]]
1758322911.3647692
[[    0.87626    0.012342    -0.48169   -0.081528]
 [  0.0018817     0.99958    0.029034   0.0095833]
 [    0.48184   -0.026348     0.87586     0.24842]
 [          0           0           0           1]]
1758322911.378015
[[    0.87618    0.012345    -0.48183   -0.081561]
 [  0.0017869     0.99958     0.02886   0.0095428]
 [    0.48199   -0.026147     0.87579     0.24842]
 [          0           0           0           1]]
1758322911.3910906
[[    0.87618    0.012345    -0.48183   -0.081561]
 [  0.0017869     0.99958     0.02886   0.0095428]
 [    0.48199   -0.026147     0.87579     0.24842]
 [          0           0           0           1]]
1758322911.4033747
[[    0.87609    0.013798    -0.48194   -0.081587]
 [  0.0002002     0.99958    0.028983   0.0095104]
 [    0.48214   -0.025488     0.87572     0.24842]
 [          0           0           0           1]]
1758322911.4161916
[[    0.87609    0.013798    -0.48194   -0.081587]
 [  0.0002002     0.99958    0.028983   0.0095104]
 [    0.48214   -0.025488     0.87572     0.24842]
 [          0           0           0           1]]
1758322911.428542
[[    0.87619    0.012349     -0.4818   -0.081555]
 [  0.0015738     0.99959    0.028482   0.0094555]
 [    0.48196   -0.025714     0.87582     0.24844]
 [          0           0           0           1]]
1758322911.441041
[[    0.87619    0.012349     -0.4818   -0.081555]
 [  0.0015738     0.99959    0.028482   0.0094555]
 [    0.48196   -0.025714     0.87582     0.24844]
 [          0           0           0           1]]
1758322911.4543867
[[    0.87618    0.013798    -0.48179   -0.081553]
 [ 0.00015935     0.99958    0.028916   0.0094952]
 [    0.48199   -0.025412     0.87581     0.24843]
 [          0           0           0           1]]
1758322911.4680495
[[     0.8762    0.012345    -0.48178   -0.081551]
 [  0.0017471     0.99958    0.028791   0.0095269]
 [    0.48194   -0.026068     0.87582     0.24843]
 [          0           0           0           1]]
1758322911.48085
[[     0.8762    0.012345    -0.48178   -0.081551]
 [  0.0017471     0.99958    0.028791   0.0095269]
 [    0.48194   -0.026068     0.87582     0.24843]
 [          0           0           0           1]]
1758322911.4934282
[[    0.87611    0.013799    -0.48191   -0.081579]
 [ 0.00016841     0.99958    0.028928   0.0094977]
 [     0.4821   -0.025425     0.87575     0.24842]
 [          0           0           0           1]]
1758322911.5061285
[[    0.87611    0.013799    -0.48191   -0.081579]
 [ 0.00016841     0.99958    0.028928   0.0094977]
 [     0.4821   -0.025425     0.87575     0.24842]
 [          0           0           0           1]]
1758322911.5191355
[[    0.87626    0.013796    -0.48164   -0.081518]
 [ 0.00016699     0.99958    0.028936   0.0095001]
 [    0.48184   -0.025436     0.87589     0.24845]
 [          0           0           0           1]]
1758322911.5320702
[[    0.87626    0.013796    -0.48164   -0.081518]
 [ 0.00016699     0.99958    0.028936   0.0095001]
 [    0.48184   -0.025436     0.87589     0.24845]
 [          0           0           0           1]]
1758322911.5459383
[[    0.87625    0.013795    -0.48166   -0.081523]
 [ 0.00024247     0.99958    0.029069   0.0095308]
 [    0.48186   -0.025589     0.87587     0.24843]
 [          0           0           0           1]]
1758322911.5593197
[[    0.87625    0.013795    -0.48166   -0.081523]
 [ 0.00024247     0.99958    0.029069   0.0095308]
 [    0.48186   -0.025589     0.87587     0.24843]
 [          0           0           0           1]]
1758322911.5716734
[[    0.87624    0.013794    -0.48168   -0.081527]
 [ 0.00030285     0.99957    0.029176   0.0095554]
 [    0.48188   -0.025711     0.87586     0.24843]
 [          0           0           0           1]]
1758322911.583849
[[    0.87624    0.013794    -0.48168   -0.081527]
 [ 0.00030285     0.99957    0.029176   0.0095554]
 [    0.48188   -0.025711     0.87586     0.24843]
 [          0           0           0           1]]
1758322911.5968647
[[    0.87625    0.012342     -0.4817    -0.08153]
 [  0.0018619     0.99958    0.028999   0.0095751]
 [    0.48185   -0.026307     0.87586     0.24842]
 [          0           0           0           1]]
1758322911.6100452
[[    0.87637    0.012341    -0.48147   -0.081479]
 [  0.0018239     0.99958     0.02894    0.009562]
 [    0.48163   -0.026241     0.87598     0.24844]
 [          0           0           0           1]]
1758322911.6248577
[[    0.87637    0.012341    -0.48147   -0.081479]
 [  0.0018239     0.99958     0.02894    0.009562]
 [    0.48163   -0.026241     0.87598     0.24844]
 [          0           0           0           1]]
1758322911.6382728
[[    0.87627    0.012344    -0.48166   -0.081522]
 [  0.0017406     0.99958    0.028785   0.0095257]
 [    0.48181   -0.026062     0.87589     0.24844]
 [          0           0           0           1]]
1758322911.6527972
[[    0.87627    0.012344    -0.48166   -0.081522]
 [  0.0017406     0.99958    0.028785   0.0095257]
 [    0.48181   -0.026062     0.87589     0.24844]
 [          0           0           0           1]]
1758322911.66584
[[    0.87619    0.012347    -0.48181   -0.081556]
 [   0.001674     0.99959    0.028661   0.0094967]
 [    0.48196   -0.025919     0.87581     0.24843]
 [          0           0           0           1]]
1758322911.6792247
[[    0.87619    0.012347    -0.48181   -0.081556]
 [   0.001674     0.99959    0.028661   0.0094967]
 [    0.48196   -0.025919     0.87581     0.24843]
 [          0           0           0           1]]
1758322911.6923428
[[    0.87618    0.013796    -0.48179   -0.081554]
 [ 0.00023947     0.99958    0.029059   0.0095282]
 [    0.48199   -0.025576      0.8758     0.24842]
 [          0           0           0           1]]
1758322911.7058656
[[    0.87618    0.013796    -0.48179   -0.081554]
 [ 0.00023947     0.99958    0.029059   0.0095282]
 [    0.48199   -0.025576      0.8758     0.24842]
 [          0           0           0           1]]
1758322911.7189174
[[    0.87626    0.012347    -0.48168   -0.081528]
 [  0.0016053     0.99959    0.028543   0.0094698]
 [    0.48184   -0.025784     0.87588     0.24845]
 [          0           0           0           1]]
1758322911.7319484
[[    0.87623    0.013796    -0.48169   -0.081531]
 [ 0.00018447     0.99958    0.028965   0.0095066]
 [    0.48189   -0.025468     0.87586     0.24844]
 [          0           0           0           1]]
1758322911.7451403
[[    0.87623    0.013796    -0.48169   -0.081531]
 [ 0.00018447     0.99958    0.028965   0.0095066]
 [    0.48189   -0.025468     0.87586     0.24844]
 [          0           0           0           1]]
1758322911.7580545
[[    0.87622    0.013795    -0.48171   -0.081533]
 [ 0.00025645     0.99958    0.029092    0.009536]
 [     0.4819   -0.025615     0.87585     0.24843]
 [          0           0           0           1]]
1758322911.7716534
[[    0.87622    0.013795    -0.48171   -0.081533]
 [ 0.00025645     0.99958    0.029092    0.009536]
 [     0.4819   -0.025615     0.87585     0.24843]
 [          0           0           0           1]]
1758322911.7854548
[[    0.87624    0.012343    -0.48172   -0.081535]
 [  0.0018248     0.99958    0.028932   0.0095596]
 [    0.48187    -0.02623     0.87585     0.24842]
 [          0           0           0           1]]
1758322911.7991774
[[    0.87624    0.012343    -0.48172   -0.081535]
 [  0.0018248     0.99958    0.028932   0.0095596]
 [    0.48187    -0.02623     0.87585     0.24842]
 [          0           0           0           1]]
1758322911.812802
[[    0.87614    0.013797    -0.48185   -0.081567]
 [ 0.00023057     0.99958     0.02904   0.0095238]
 [    0.48205   -0.025555     0.87577     0.24842]
 [          0           0           0           1]]
1758322911.8263001
[[    0.87617    0.012345    -0.48184   -0.081562]
 [  0.0018041     0.99958     0.02889   0.0095498]
 [    0.48199   -0.026182     0.87578     0.24842]
 [          0           0           0           1]]
1758322911.8396006
[[    0.87617    0.012345    -0.48184   -0.081562]
 [  0.0018041     0.99958     0.02889   0.0095498]
 [    0.48199   -0.026182     0.87578     0.24842]
 [          0           0           0           1]]
1758322911.8525758
[[    0.87609    0.013798    -0.48195   -0.081588]
 [   0.000214     0.99958    0.029007    0.009516]
 [    0.48214   -0.025516     0.87572     0.24842]
 [          0           0           0           1]]
1758322911.8661683
[[    0.87609    0.013798    -0.48195   -0.081588]
 [   0.000214     0.99958    0.029007    0.009516]
 [    0.48214   -0.025516     0.87572     0.24842]
 [          0           0           0           1]]
1758322911.8792942
[[    0.87613    0.012346    -0.48191   -0.081579]
 [  0.0017908     0.99958    0.028864   0.0095436]
 [    0.48207   -0.026152     0.87574     0.24841]
 [          0           0           0           1]]
1758322911.8924851
[[    0.87613    0.012346    -0.48191   -0.081579]
 [  0.0017908     0.99958    0.028864   0.0095436]
 [    0.48207   -0.026152     0.87574     0.24841]
 [          0           0           0           1]]
1758322911.9065473
[[    0.87621    0.012347    -0.48177   -0.081549]
 [  0.0016377     0.99959    0.028597   0.0094821]
 [    0.48193   -0.025846     0.87583     0.24844]
 [          0           0           0           1]]
1758322911.9204113
[[    0.87621    0.012347    -0.48177   -0.081549]
 [  0.0016377     0.99959    0.028597   0.0094821]
 [    0.48193   -0.025846     0.87583     0.24844]
 [          0           0           0           1]]
1758322911.9337358
[[    0.87614     0.01235     -0.4819   -0.081577]
 [  0.0015917     0.99959     0.02851   0.0094618]
 [    0.48206   -0.025746     0.87576     0.24844]
 [          0           0           0           1]]
1758322911.947574
[[    0.87626    0.013797    -0.48163   -0.081517]
 [ 9.6995e-05     0.99958    0.028812   0.0094714]
 [    0.48183   -0.025293      0.8759     0.24845]
 [          0           0           0           1]]
1758322911.9620187
[[    0.87626    0.013797    -0.48163   -0.081517]
 [ 9.6995e-05     0.99958    0.028812   0.0094714]
 [    0.48183   -0.025293      0.8759     0.24845]
 [          0           0           0           1]]
1758322911.9754462
[[    0.87618      0.0138    -0.48179   -0.081552]
 [ 5.6911e-05     0.99959    0.028734   0.0094532]
 [    0.48198   -0.025204     0.87582     0.24845]
 [          0           0           0           1]]
1758322911.992416
[[    0.87618      0.0138    -0.48179   -0.081552]
 [ 5.6911e-05     0.99959    0.028734   0.0094532]
 [    0.48198   -0.025204     0.87582     0.24845]
 [          0           0           0           1]]
1758322912.0063238
[[     0.8762    0.012347    -0.48178    -0.08155]
 [  0.0016652     0.99959    0.028646   0.0094934]
 [    0.48194   -0.025902     0.87582     0.24844]
 [          0           0           0           1]]
1758322912.018773
[[    0.87626    0.012348    -0.48167   -0.081525]
 [  0.0015372     0.99959    0.028422   0.0094419]
 [    0.48183   -0.025646     0.87589     0.24846]
 [          0           0           0           1]]
1758322912.0317302
[[    0.87626    0.012348    -0.48167   -0.081525]
 [  0.0015372     0.99959    0.028422   0.0094419]
 [    0.48183   -0.025646     0.87589     0.24846]
 [          0           0           0           1]]
1758322912.0457468
[[    0.87626    0.012346    -0.48169   -0.081529]
 [  0.0016408     0.99959    0.028606   0.0094843]
 [    0.48184   -0.025856     0.87588     0.24845]
 [          0           0           0           1]]
1758322912.0592532
[[    0.87626    0.012346    -0.48169   -0.081529]
 [  0.0016408     0.99959    0.028606   0.0094843]
 [    0.48184   -0.025856     0.87588     0.24845]
 [          0           0           0           1]]
1758322912.0725195
[[    0.87618    0.012349    -0.48183   -0.081562]
 [  0.0015941     0.99959    0.028517   0.0094636]
 [    0.48199   -0.025754      0.8758     0.24844]
 [          0           0           0           1]]
1758322912.086888
[[    0.87618    0.012349    -0.48183   -0.081562]
 [  0.0015941     0.99959    0.028517   0.0094636]
 [    0.48199   -0.025754      0.8758     0.24844]
 [          0           0           0           1]]
1758322912.1006641
[[    0.87619    0.012347    -0.48182   -0.081558]
 [  0.0016863     0.99959    0.028682   0.0095017]
 [    0.48197   -0.025943      0.8758     0.24843]
 [          0           0           0           1]]
1758322912.1143153
[[    0.87632    0.012344    -0.48157   -0.081501]
 [  0.0016835     0.99959    0.028687   0.0095032]
 [    0.48172    -0.02595     0.87594     0.24845]
 [          0           0           0           1]]
1758322912.1284716
[[    0.87632    0.012344    -0.48157   -0.081501]
 [  0.0016835     0.99959    0.028687   0.0095032]
 [    0.48172    -0.02595     0.87594     0.24845]
 [          0           0           0           1]]
1758322912.1417944
[[    0.87621    0.013798    -0.48173    -0.08154]
 [ 0.00011749     0.99958    0.028844   0.0094787]
 [    0.48193    -0.02533     0.87584     0.24844]
 [          0           0           0           1]]
1758322912.15508
[[    0.87621    0.013798    -0.48173    -0.08154]
 [ 0.00011749     0.99958    0.028844   0.0094787]
 [    0.48193    -0.02533     0.87584     0.24844]
 [          0           0           0           1]]
1758322912.1680007
[[    0.87629    0.012348    -0.48163   -0.081517]
 [  0.0015077      0.9996    0.028371   0.0094302]
 [    0.48179   -0.025588     0.87591     0.24847]
 [          0           0           0           1]]
1758322912.1807969
[[    0.87629    0.012348    -0.48163   -0.081517]
 [  0.0015077      0.9996    0.028371   0.0094302]
 [    0.48179   -0.025588     0.87591     0.24847]
 [          0           0           0           1]]
1758322912.194262
[[    0.87627    0.012347    -0.48166   -0.081522]
 [  0.0016172     0.99959    0.028565   0.0094749]
 [    0.48181    -0.02581     0.87589     0.24845]
 [          0           0           0           1]]
1758322912.207509
[[    0.87627    0.012347    -0.48166   -0.081522]
 [  0.0016172     0.99959    0.028565   0.0094749]
 [    0.48181    -0.02581     0.87589     0.24845]
 [          0           0           0           1]]
1758322912.2205303
[[    0.87619    0.012349    -0.48181   -0.081556]
 [  0.0015752     0.99959    0.028485   0.0094561]
 [    0.48196   -0.025717     0.87581     0.24844]
 [          0           0           0           1]]
1758322912.2331395
[[    0.87619    0.012349    -0.48181   -0.081556]
 [  0.0015752     0.99959    0.028485   0.0094561]
 [    0.48196   -0.025717     0.87581     0.24844]
 [          0           0           0           1]]
1758322912.2463362
[[     0.8761    0.013801    -0.48192   -0.081584]
 [ 3.0868e-05     0.99959    0.028683    0.009441]
 [    0.48212   -0.025144     0.87574     0.24844]
 [          0           0           0           1]]
1758322912.2595057
[[    0.87614    0.012349    -0.48189   -0.081576]
 [  0.0016444     0.99959    0.028604   0.0094836]
 [    0.48205   -0.025854     0.87576     0.24843]
 [          0           0           0           1]]
1758322912.2733226
[[    0.87614    0.012349    -0.48189   -0.081576]
 [  0.0016444     0.99959    0.028604   0.0094836]
 [    0.48205   -0.025854     0.87576     0.24843]
 [          0           0           0           1]]
1758322912.2869613
[[    0.87614    0.013797    -0.48186   -0.081569]
 [ 0.00021576     0.99958    0.029014   0.0095177]
 [    0.48206   -0.025524     0.87577     0.24842]
 [          0           0           0           1]]
1758322912.29975
[[    0.87614    0.013797    -0.48186   -0.081569]
 [ 0.00021576     0.99958    0.029014   0.0095177]
 [    0.48206   -0.025524     0.87577     0.24842]
 [          0           0           0           1]]
1758322912.3131118
[[     0.8761    0.012349    -0.48197   -0.081594]
 [  0.0016627     0.99959    0.028634   0.0094903]
 [    0.48213   -0.025887     0.87572     0.24842]
 [          0           0           0           1]]
1758322912.3348467
[[    0.87551    0.012346    -0.48304    -0.08153]
 [  0.0017085     0.99959    0.028646   0.0094941]
 [    0.48319   -0.025905     0.87513     0.24844]
 [          0           0           0           1]]
1758322912.3477566
[[    0.87551    0.012346    -0.48304    -0.08153]
 [  0.0017085     0.99959    0.028646   0.0094941]
 [    0.48319   -0.025905     0.87513     0.24844]
 [          0           0           0           1]]
1758322912.3608255
[[    0.87615    0.013799    -0.48183   -0.081563]
 [ 0.00010237     0.99958    0.028813   0.0094714]
 [    0.48203   -0.025294     0.87579     0.24844]
 [          0           0           0           1]]
1758322912.3738341
[[    0.87615    0.013799    -0.48183   -0.081563]
 [ 0.00010237     0.99958    0.028813   0.0094714]
 [    0.48203   -0.025294     0.87579     0.24844]
 [          0           0           0           1]]
1758322912.3871703
[[    0.87611    0.012351    -0.48195   -0.081589]
 [   0.001572     0.99959    0.028474   0.0094533]
 [    0.48211   -0.025704     0.87574     0.24843]
 [          0           0           0           1]]
1758322912.4001396
[[    0.87611    0.012351    -0.48195   -0.081589]
 [   0.001572     0.99959    0.028474   0.0094533]
 [    0.48211   -0.025704     0.87574     0.24843]
 [          0           0           0           1]]
1758322912.414467
[[    0.87604    0.013803    -0.48204    -0.08161]
 [ 2.8264e-05     0.99959    0.028674   0.0094388]
 [    0.48223   -0.025133     0.87568     0.24843]
 [          0           0           0           1]]
1758322912.4275117
[[     0.8762    0.013799    -0.48174   -0.081543]
 [ 5.4907e-05     0.99959    0.028733   0.0094529]
 [    0.48194   -0.025202     0.87584     0.24845]
 [          0           0           0           1]]
1758322912.4405184
[[     0.8762    0.013799    -0.48174   -0.081543]
 [ 5.4907e-05     0.99959    0.028733   0.0094529]
 [    0.48194   -0.025202     0.87584     0.24845]
 [          0           0           0           1]]
1758322912.45315
[[    0.87622    0.012347    -0.48175   -0.081543]
 [  0.0016636     0.99959    0.028644   0.0094931]
 [     0.4819     -0.0259     0.87584     0.24844]
 [          0           0           0           1]]
1758322912.4662943
[[    0.87622    0.012347    -0.48175   -0.081543]
 [  0.0016636     0.99959    0.028644   0.0094931]
 [     0.4819     -0.0259     0.87584     0.24844]
 [          0           0           0           1]]
1758322912.4794667
[[    0.87622    0.012345    -0.48175   -0.081543]
 [  0.0017419     0.99958    0.028783   0.0095253]
 [    0.48191    -0.02606     0.87584     0.24843]
 [          0           0           0           1]]
1758322912.4920485
[[    0.87622    0.012345    -0.48175   -0.081543]
 [  0.0017419     0.99958    0.028783   0.0095253]
 [    0.48191    -0.02606     0.87584     0.24843]
 [          0           0           0           1]]
1758322912.5049772
[[    0.87633    0.013794    -0.48151   -0.081489]
 [ 0.00021715     0.99958     0.02903   0.0095221]
 [    0.48171   -0.025545     0.87596     0.24845]
 [          0           0           0           1]]
1758322912.5184164
[[    0.87633    0.013794    -0.48151   -0.081489]
 [ 0.00021715     0.99958     0.02903   0.0095221]
 [    0.48171   -0.025545     0.87596     0.24845]
 [          0           0           0           1]]
1758322912.5316336
[[    0.87632    0.012342    -0.48156     -0.0815]
 [  0.0017933     0.99958    0.028882   0.0095485]
 [    0.48172   -0.026174     0.87593     0.24844]
 [          0           0           0           1]]
1758322912.54436
[[    0.87632    0.012342    -0.48156     -0.0815]
 [  0.0017933     0.99958    0.028882   0.0095485]
 [    0.48172   -0.026174     0.87593     0.24844]
 [          0           0           0           1]]
1758322912.5572217
[[    0.87643    0.012341    -0.48137   -0.081455]
 [  0.0017691     0.99958    0.028847   0.0095407]
 [    0.48152   -0.026134     0.87604     0.24846]
 [          0           0           0           1]]
1758322912.5699844
[[    0.87643    0.012341    -0.48137   -0.081455]
 [  0.0017691     0.99958    0.028847   0.0095407]
 [    0.48152   -0.026134     0.87604     0.24846]
 [          0           0           0           1]]
1758322912.5835812
[[    0.87643    0.013794    -0.48134   -0.081449]
 [ 0.00010963     0.99958    0.028846   0.0094798]
 [    0.48153   -0.025334     0.87606     0.24848]
 [          0           0           0           1]]
1758322912.597739
[[    0.87633    0.012346    -0.48155   -0.081498]
 [  0.0015778     0.99959    0.028499     0.00946]
 [    0.48171   -0.025735     0.87595     0.24846]
 [          0           0           0           1]]
1758322912.6112013
[[    0.87633    0.012346    -0.48155   -0.081498]
 [  0.0015778     0.99959    0.028499     0.00946]
 [    0.48171   -0.025735     0.87595     0.24846]
 [          0           0           0           1]]
1758322912.624541
[[    0.87629    0.013796    -0.48159   -0.081507]
 [ 0.00016249     0.99958     0.02893   0.0094987]
 [    0.48179   -0.025429     0.87592     0.24845]
 [          0           0           0           1]]
1758322912.6379745
[[    0.87629    0.013796    -0.48159   -0.081507]
 [ 0.00016249     0.99958     0.02893   0.0094987]
 [    0.48179   -0.025429     0.87592     0.24845]
 [          0           0           0           1]]
1758322912.6512296
[[    0.87622    0.012348    -0.48175   -0.081544]
 [  0.0016201     0.99959    0.028567   0.0094751]
 [    0.48191   -0.025811     0.87584     0.24844]
 [          0           0           0           1]]
1758322912.6682985
[[    0.87635    0.012345    -0.48152    -0.08149]
 [  0.0016305     0.99959    0.028595    0.009482]
 [    0.48168   -0.025844     0.87597     0.24846]
 [          0           0           0           1]]
1758322912.6820135
[[    0.87635    0.012345    -0.48152    -0.08149]
 [  0.0016305     0.99959    0.028595    0.009482]
 [    0.48168   -0.025844     0.87597     0.24846]
 [          0           0           0           1]]
1758322912.6950808
[[    0.87638    0.012347    -0.48146   -0.081477]
 [  0.0015095      0.9996    0.028381   0.0094328]
 [    0.48162     -0.0256     0.87601     0.24848]
 [          0           0           0           1]]
1758322912.7087715
[[    0.87638    0.012347    -0.48146   -0.081477]
 [  0.0015095      0.9996    0.028381   0.0094328]
 [    0.48162     -0.0256     0.87601     0.24848]
 [          0           0           0           1]]
1758322912.7219927
[[    0.87628    0.012349    -0.48165   -0.081521]
 [  0.0014891      0.9996    0.028338   0.0094224]
 [    0.48181   -0.025549     0.87591     0.24847]
 [          0           0           0           1]]
1758322912.7349172
[[    0.87628    0.012349    -0.48165   -0.081521]
 [  0.0014891      0.9996    0.028338   0.0094224]
 [    0.48181   -0.025549     0.87591     0.24847]
 [          0           0           0           1]]
1758322912.7486908
[[    0.87627    0.012347    -0.48167   -0.081525]
 [  0.0016023     0.99959    0.028538   0.0094687]
 [    0.48183   -0.025779     0.87589     0.24845]
 [          0           0           0           1]]
1758322912.7622228
[[    0.87626    0.012345    -0.48169   -0.081529]
 [  0.0016928     0.99959    0.028699   0.0095057]
 [    0.48184   -0.025963     0.87587     0.24844]
 [          0           0           0           1]]
1758322912.7771351
[[    0.87626    0.012345    -0.48169   -0.081529]
 [  0.0016928     0.99959    0.028699   0.0095057]
 [    0.48184   -0.025963     0.87587     0.24844]
 [          0           0           0           1]]
1758322912.7910783
[[    0.87618    0.012348    -0.48183   -0.081562]
 [  0.0016358     0.99959    0.028592   0.0094807]
 [    0.48199   -0.025839      0.8758     0.24844]
 [          0           0           0           1]]
1758322912.8049958
[[    0.87618    0.012348    -0.48183   -0.081562]
 [  0.0016358     0.99959    0.028592   0.0094807]
 [    0.48199   -0.025839      0.8758     0.24844]
 [          0           0           0           1]]
1758322912.8189812
[[    0.87619    0.012346    -0.48182   -0.081558]
 [  0.0017196     0.99959    0.028741   0.0095154]
 [    0.48197   -0.026011      0.8758     0.24843]
 [          0           0           0           1]]
1758322912.8318899
[[    0.87619    0.012346    -0.48182   -0.081558]
 [  0.0017196     0.99959    0.028741   0.0095154]
 [    0.48197   -0.026011      0.8758     0.24843]
 [          0           0           0           1]]
1758322912.844736
[[    0.87617    0.013796     -0.4818   -0.081555]
 [ 0.00027598     0.99958    0.029123   0.0095431]
 [      0.482    -0.02565      0.8758     0.24842]
 [          0           0           0           1]]
1758322912.8574128
[[    0.87617    0.013796     -0.4818   -0.081555]
 [ 0.00027598     0.99958    0.029123   0.0095431]
 [      0.482    -0.02565      0.8758     0.24842]
 [          0           0           0           1]]
1758322912.870265
[[    0.87613    0.012348    -0.48192   -0.081583]
 [  0.0017109     0.99959    0.028721   0.0095106]
 [    0.48208   -0.025988     0.87574     0.24842]
 [          0           0           0           1]]
1758322912.883676
[[    0.87614    0.012346    -0.48189   -0.081575]
 [  0.0017797     0.99958    0.028845   0.0095393]
 [    0.48205    -0.02613     0.87576     0.24841]
 [          0           0           0           1]]
1758322912.8974047
[[    0.87614    0.012346    -0.48189   -0.081575]
 [  0.0017797     0.99958    0.028845   0.0095393]
 [    0.48205    -0.02613     0.87576     0.24841]
 [          0           0           0           1]]
1758322912.91097
[[    0.87616    0.012345    -0.48186   -0.081568]
 [  0.0018348     0.99958    0.028944   0.0095622]
 [    0.48202   -0.026244     0.87577     0.24841]
 [          0           0           0           1]]
1758322912.9238687
[[    0.87616    0.012345    -0.48186   -0.081568]
 [  0.0018348     0.99958    0.028944   0.0095622]
 [    0.48202   -0.026244     0.87577     0.24841]
 [          0           0           0           1]]
1758322912.937335
[[    0.87608    0.013798    -0.48197   -0.081593]
 [ 0.00023858     0.99958     0.02905   0.0095259]
 [    0.48217   -0.025565     0.87571     0.24841]
 [          0           0           0           1]]
1758322912.9498608
[[    0.87608    0.013798    -0.48197   -0.081593]
 [ 0.00023858     0.99958     0.02905   0.0095259]
 [    0.48217   -0.025565     0.87571     0.24841]
 [          0           0           0           1]]
1758322912.963447
[[    0.87623    0.013796    -0.48169    -0.08153]
 [ 0.00022311     0.99958    0.029034   0.0095226]
 [    0.48189   -0.025548     0.87586     0.24843]
 [          0           0           0           1]]
1758322912.976973
[[    0.87623    0.013796    -0.48169    -0.08153]
 [ 0.00022311     0.99958    0.029034   0.0095226]
 [    0.48189   -0.025548     0.87586     0.24843]
 [          0           0           0           1]]
1758322912.9903557
[[    0.87617    0.012348    -0.48184   -0.081562]
 [  0.0016686     0.99959     0.02865   0.0094942]
 [    0.48199   -0.025906     0.87579     0.24843]
 [          0           0           0           1]]
1758322913.0040247
[[    0.87535      0.0138    -0.48329   -0.081589]
 [ 0.00014977     0.99958    0.028815   0.0094715]
 [    0.48349   -0.025295     0.87499     0.24843]
 [          0           0           0           1]]
1758322913.017006
[[    0.87535      0.0138    -0.48329   -0.081589]
 [ 0.00014977     0.99958    0.028815   0.0094715]
 [    0.48349   -0.025295     0.87499     0.24843]
 [          0           0           0           1]]
1758322913.0303774
[[    0.87626    0.012347    -0.48167   -0.081526]
 [  0.0016275     0.99959    0.028583   0.0094791]
 [    0.48183    -0.02583     0.87588     0.24845]
 [          0           0           0           1]]
1758322913.044199
[[    0.87626    0.012347    -0.48167   -0.081526]
 [  0.0016275     0.99959    0.028583   0.0094791]
 [    0.48183    -0.02583     0.87588     0.24845]
 [          0           0           0           1]]
1758322913.057924
[[    0.87625    0.012345    -0.48169   -0.081529]
 [   0.001713     0.99959    0.028735   0.0095141]
 [    0.48185   -0.026004     0.87587     0.24844]
 [          0           0           0           1]]
1758322913.0718985
[[    0.87625    0.012345    -0.48169   -0.081529]
 [   0.001713     0.99959    0.028735   0.0095141]
 [    0.48185   -0.026004     0.87587     0.24844]
 [          0           0           0           1]]
1758322913.0852616
[[    0.87616    0.013799    -0.48183   -0.081562]
 [ 0.00014113     0.99958    0.028883   0.0094874]
 [    0.48203   -0.025374     0.87579     0.24843]
 [          0           0           0           1]]
1758322913.098669
[[    0.87616    0.013799    -0.48183   -0.081562]
 [ 0.00014113     0.99958    0.028883   0.0094874]
 [    0.48203   -0.025374     0.87579     0.24843]
 [          0           0           0           1]]
1758322913.1120608
[[    0.87629    0.013796    -0.48158   -0.081505]
 [ 0.00014517     0.99958      0.0289   0.0094918]
 [    0.48178   -0.025395     0.87593     0.24845]
 [          0           0           0           1]]
1758322913.1255856
[[     0.8762    0.013799    -0.48174   -0.081542]
 [ 9.5464e-05     0.99959    0.028805   0.0094696]
 [    0.48194   -0.025285     0.87584     0.24845]
 [          0           0           0           1]]
1758322913.1399317
[[     0.8762    0.013799    -0.48174   -0.081542]
 [ 9.5464e-05     0.99959    0.028805   0.0094696]
 [    0.48194   -0.025285     0.87584     0.24845]
 [          0           0           0           1]]
1758322913.1531425
[[    0.87622    0.012346    -0.48175   -0.081543]
 [   0.001696     0.99959    0.028702   0.0095065]
 [     0.4819   -0.025966     0.87584     0.24843]
 [          0           0           0           1]]
1758322913.166986
[[    0.87622    0.012346    -0.48175   -0.081543]
 [   0.001696     0.99959    0.028702   0.0095065]
 [     0.4819   -0.025966     0.87584     0.24843]
 [          0           0           0           1]]
1758322913.180758
[[    0.87541    0.012349    -0.48322   -0.081573]
 [  0.0016821     0.99959    0.028592   0.0094813]
 [    0.48338   -0.025842     0.87503     0.24843]
 [          0           0           0           1]]
1758322913.194166
[[    0.87541    0.012349    -0.48322   -0.081573]
 [  0.0016821     0.99959    0.028592   0.0094813]
 [    0.48338   -0.025842     0.87503     0.24843]
 [          0           0           0           1]]
1758322913.2079926
[[    0.87607    0.013801    -0.48198   -0.081597]
 [ 8.1323e-05     0.99959     0.02877   0.0094612]
 [    0.48218   -0.025244     0.87571     0.24843]
 [          0           0           0           1]]
1758322913.2211885
[[    0.87605    0.012352    -0.48207   -0.081616]
 [  0.0015551     0.99959    0.028439   0.0094451]
 [    0.48222   -0.025664     0.87567     0.24843]
 [          0           0           0           1]]
1758322913.2353373
[[    0.87605    0.012352    -0.48207   -0.081616]
 [  0.0015551     0.99959    0.028439   0.0094451]
 [    0.48222   -0.025664     0.87567     0.24843]
 [          0           0           0           1]]
1758322913.2481909
[[    0.87614    0.012352     -0.4819   -0.081578]
 [  0.0014492      0.9996    0.028257   0.0094033]
 [    0.48206   -0.025456     0.87577     0.24845]
 [          0           0           0           1]]
1758322913.2610571
[[    0.87614    0.012352     -0.4819   -0.081578]
 [  0.0014492      0.9996    0.028257   0.0094033]
 [    0.48206   -0.025456     0.87577     0.24845]
 [          0           0           0           1]]
1758322913.273845
[[    0.87606    0.013804      -0.482   -0.081601]
 [ -6.998e-05     0.99959    0.028501   0.0093988]
 [     0.4822   -0.024935     0.87571     0.24844]
 [          0           0           0           1]]
1758322913.2873478
[[    0.87606    0.013804      -0.482   -0.081601]
 [ -6.998e-05     0.99959    0.028501   0.0093988]
 [     0.4822   -0.024935     0.87571     0.24844]
 [          0           0           0           1]]
1758322913.30039
[[    0.87624     0.01235    -0.48172   -0.081536]
 [  0.0014871      0.9996    0.028332   0.0094209]
 [    0.48187   -0.025542     0.87587     0.24846]
 [          0           0           0           1]]
1758322913.3237312
[[    0.87624    0.012348    -0.48172   -0.081537]
 [  0.0016007     0.99959    0.028534   0.0094675]
 [    0.48188   -0.025773     0.87586     0.24845]
 [          0           0           0           1]]
1758322913.3422177
[[    0.87623    0.012346    -0.48173   -0.081538]
 [  0.0016916     0.99959    0.028695   0.0095048]
 [    0.48189   -0.025958     0.87585     0.24844]
 [          0           0           0           1]]
1758322913.3555753
[[    0.87623    0.012346    -0.48173   -0.081538]
 [  0.0016916     0.99959    0.028695   0.0095048]
 [    0.48189   -0.025958     0.87585     0.24844]
 [          0           0           0           1]]
1758322913.3706808
[[    0.87634    0.013795     -0.4815   -0.081486]
 [ 0.00017693     0.99958    0.028959   0.0095057]
 [    0.48169   -0.025463     0.87597     0.24846]
